,29-0.1,29-2.1,30-0.1,30-1.1,30-2.1,31-0.1,31-1.1,31-2.1,32-0.1,32-1.1,32-2.1,33-1.1,29-0.2,29-1.2,29-2.2,30-0.2,30-1.2,30-2.2,31-0.2,31-1.2,31-2.2,32-0.2,32-1.2,32-2.2,33-1.2,29-0.3,29-1.3,29-2.3,30-0.3,30-1.3,30-2.3,31-0.3,31-1.3,31-2.3,32-0.3,32-1.3,32-2.3,33-1.3,29-0.4,29-1.4,29-2.4,30-0.4,30-1.4,30-2.4,31-0.4,31-1.4,31-2.4,32-0.4,32-1.4,32-2.4,33-1.4,29-0.5,29-1.5,29-2.5,30-0.5,30-1.5,30-2.5,31-0.5,31-1.5,31-2.5,32-0.5,32-1.5,32-2.5,33-1.5,29-0.6,29-1.6,29-2.6,30-0.6,30-1.6,30-2.6,31-0.6,31-1.6,31-2.6,32-0.6,32-1.6,32-2.6,33-1.6,29-0.7,29-1.7,29-2.7,30-0.7,30-1.7,30-2.7,31-0.7,31-1.7,31-2.7,32-0.7,32-1.7,32-2.7,33-1.7,29-0.8,29-1.8,29-2.8,30-0.8,30-1.8,30-2.8,31-0.8,31-1.8,31-2.8,32-0.8,32-1.8,32-2.8,33-1.8,29-0.9,29-1.9,29-2.9,30-0.9,30-1.9,30-2.9,31-0.9,31-1.9,31-2.9,32-0.9,32-1.9,32-2.9,33-1.9,BG
29-0.1,1.000000,0.580897,0.988518,0.594738,0.625542,0.957004,0.680330,0.630909,0.430573,0.713509,0.583702,0.590112,0.314001,0.428302,0.730625,0.301590,0.695907,0.593390,0.321918,0.726388,0.525541,0.857361,0.684371,0.177516,0.587117,0.560692,0.602916,0.643863,0.610082,0.597451,0.658219,0.637879,0.568475,0.673190,0.655768,0.607916,0.694868,0.636249,0.611460,0.594698,0.579043,0.615432,0.720708,0.602137,0.626438,0.716934,0.622313,0.706270,0.748511,0.663890,0.641130,0.705602,0.659676,0.579939,0.715112,0.674325,0.629020,0.735623,0.652912,0.625735,0.658445,0.674414,0.610073,0.633464,0.598721,0.658646,0.520421,0.622460,0.658268,0.580324,0.662382,0.668514,0.598786,0.725592,0.687655,0.680638,0.699913,0.583749,0.609239,0.543581,0.617782,0.578620,0.625637,0.691892,0.640048,0.663848,0.701761,0.678460,0.746060,0.743201,0.647784,0.621182,0.691425,0.650021,0.707080,0.677052,0.639355,0.663730,0.667648,0.672811,0.685757,0.663061,0.685126,0.474997,0.683385,0.369052,0.598933,0.417699,0.463852,0.721647,0.506355,0.640313,0.622032,0.633377,0.733886,0.749875,0.484437
29-2.1,0.580897,1.000000,0.571590,0.551367,0.964436,0.561728,0.427561,0.928952,0.620635,0.302737,0.717919,0.186947,0.634281,0.636163,0.798072,0.635297,0.823546,0.770254,0.641308,0.815765,0.730776,0.755090,0.760185,0.484353,0.611180,0.673231,0.714590,0.791423,0.683610,0.701895,0.787901,0.693860,0.675390,0.779242,0.685296,0.698405,0.799828,0.615922,0.791870,0.734904,0.768987,0.760987,0.769421,0.790366,0.731897,0.795836,0.767292,0.789023,0.777705,0.761336,0.685048,0.622028,0.637814,0.542472,0.623266,0.620392,0.618582,0.635196,0.567603,0.607446,0.608395,0.583656,0.620369,0.516601,0.765646,0.724479,0.783094,0.771771,0.803520,0.792787,0.754523,0.812421,0.777103,0.773566,0.792334,0.755520,0.775902,0.828648,0.840865,0.848297,0.822223,0.825517,0.830268,0.763436,0.821363,0.825411,0.754384,0.808771,0.691622,0.633442,0.783825,0.771827,0.789288,0.764137,0.795070,0.782305,0.745047,0.765485,0.773273,0.702377,0.726154,0.710008,0.632890,0.769699,0.808392,0.662477,0.818051,0.679956,0.731214,0.744963,0.745185,0.796402,0.736221,0.797268,0.705845,0.640260,0.744080
30-0.1,0.988518,0.571590,1.000000,0.555930,0.622851,0.980675,0.646927,0.639506,0.442784,0.696368,0.601388,0.588710,0.290129,0.396480,0.706442,0.284097,0.696718,0.575920,0.307646,0.734214,0.513642,0.839834,0.700779,0.173822,0.610791,0.561870,0.605864,0.642437,0.610679,0.591992,0.663013,0.638932,0.565314,0.680563,0.650026,0.593639,0.695422,0.620866,0.593761,0.575070,0.561189,0.598534,0.699790,0.584468,0.611150,0.689992,0.604993,0.696550,0.723061,0.653580,0.622506,0.706438,0.647356,0.581610,0.716061,0.672079,0.626492,0.739694,0.650955,0.626527,0.682097,0.673328,0.612257,0.637825,0.589324,0.645480,0.526626,0.618801,0.645310,0.579265,0.664169,0.652928,0.600821,0.725150,0.671499,0.678806,0.690707,0.571715,0.595172,0.526467,0.615032,0.566892,0.617026,0.700354,0.633710,0.659472,0.709614,0.680752,0.754993,0.757669,0.636074,0.607355,0.676547,0.638820,0.689092,0.665297,0.638730,0.654229,0.663226,0.675370,0.680498,0.665827,0.697759,0.449343,0.649659,0.354452,0.579199,0.412093,0.436157,0.717027,0.489276,0.612967,0.609535,0.620182,0.728433,0.763054,0.486283
30-1.1,0.594738,0.551367,0.555930,1.000000,0.521994,0.500464,0.955312,0.482837,0.509811,0.852184,0.377728,0.731631,0.813058,0.917850,0.862960,0.789062,0.797167,0.849773,0.781671,0.744797,0.827613,0.724684,0.726261,0.668519,0.620158,0.847087,0.821317,0.818900,0.845715,0.887993,0.819723,0.845413,0.873835,0.813694,0.843634,0.877966,0.823543,0.872959,0.845262,0.881990,0.815963,0.860151,0.841621,0.831571,0.855480,0.859845,0.831547,0.752572,0.844923,0.814072,0.774147,0.674646,0.718237,0.601749,0.675390,0.747298,0.686603,0.676268,0.715659,0.690160,0.596805,0.747385,0.784496,0.713378,0.829048,0.805520,0.759190,0.825788,0.851525,0.809673,0.806748,0.839488,0.816897,0.804166,0.843927,0.802608,0.820704,0.786522,0.787793,0.795961,0.770930,0.802744,0.820573,0.756957,0.781795,0.820935,0.733389,0.753034,0.766842,0.699966,0.820163,0.837008,0.799929,0.810599,0.817668,0.840361,0.766144,0.831883,0.823465,0.770812,0.820415,0.781176,0.717349,0.790028,0.779244,0.721529,0.764958,0.741303,0.787865,0.805924,0.798926,0.790675,0.852018,0.772179,0.784659,0.734771,0.689192
30-2.1,0.625542,0.964436,0.622851,0.521994,1.000000,0.634528,0.439919,0.987492,0.551999,0.337200,0.861376,0.243639,0.540202,0.572584,0.768956,0.541217,0.808981,0.729809,0.546774,0.816671,0.685992,0.813023,0.761003,0.415233,0.623856,0.659696,0.689612,0.773556,0.670790,0.682947,0.778167,0.687987,0.646345,0.771823,0.673784,0.666697,0.782789,0.609910,0.768145,0.695940,0.724436,0.743731,0.746899,0.761112,0.718126,0.783235,0.748251,0.772150,0.778328,0.764646,0.694891,0.605199,0.617681,0.507595,0.610083,0.590737,0.589125,0.624698,0.537467,0.587350,0.592440,0.559160,0.602891,0.506408,0.724651,0.688022,0.736725,0.727253,0.773043,0.768275,0.723982,0.776363,0.759382,0.752554,0.757618,0.763649,0.744184,0.805308,0.816506,0.819045,0.813966,0.796703,0.822862,0.772746,0.811428,0.826446,0.752562,0.810547,0.716097,0.662034,0.774944,0.757913,0.805781,0.757279,0.810108,0.780775,0.729680,0.757022,0.772785,0.697850,0.729388,0.707366,0.637013,0.706317,0.798574,0.607152,0.784921,0.629915,0.674899,0.756899,0.687103,0.775246,0.713742,0.765053,0.719309,0.642873,0.727642
31-0.1,0.957004,0.561728,0.980675,0.500464,0.634528,1.000000,0.595718,0.662258,0.444690,0.650786,0.654863,0.575066,0.253394,0.339568,0.661686,0.249925,0.681234,0.540442,0.276117,0.725588,0.484831,0.823623,0.698014,0.154203,0.628067,0.539641,0.586333,0.629058,0.586396,0.565286,0.654570,0.621281,0.533605,0.672519,0.631641,0.557058,0.685150,0.593273,0.565067,0.537404,0.529795,0.574381,0.650857,0.564586,0.596513,0.651317,0.588057,0.657185,0.689240,0.644651,0.605643,0.656978,0.596573,0.525989,0.673573,0.624028,0.574931,0.698619,0.598192,0.580996,0.665013,0.631101,0.581036,0.624267,0.584710,0.605117,0.536376,0.607168,0.635252,0.586778,0.663563,0.640916,0.606531,0.724466,0.653804,0.691304,0.683049,0.565510,0.590469,0.527341,0.618006,0.561018,0.617060,0.709165,0.629684,0.662347,0.719502,0.684455,0.763781,0.779433,0.624381,0.600977,0.676788,0.634093,0.687485,0.660474,0.638582,0.647706,0.664191,0.687435,0.676870,0.672344,0.711934,0.419435,0.630915,0.328297,0.556493,0.392361,0.402853,0.714323,0.465634,0.585585,0.591067,0.606124,0.727821,0.774758,0.471916
31-1.1,0.680330,0.427561,0.646927,0.955312,0.439919,0.595718,1.000000,0.421758,0.452818,0.959811,0.385077,0.859878,0.666370,0.781806,0.793207,0.644375,0.726229,0.747087,0.641497,0.698835,0.716675,0.728835,0.685551,0.522201,0.592491,0.770592,0.745203,0.737662,0.779683,0.812221,0.748652,0.783279,0.795182,0.749269,0.795151,0.804918,0.757723,0.831418,0.757077,0.787788,0.710973,0.779248,0.781036,0.737331,0.791702,0.794034,0.750653,0.683003,0.793801,0.764339,0.730397,0.649814,0.673028,0.565492,0.655614,0.710868,0.638999,0.660438,0.687093,0.648499,0.566280,0.725670,0.740416,0.709555,0.740753,0.734750,0.650963,0.738346,0.767280,0.712545,0.737893,0.750242,0.727699,0.752736,0.756539,0.740675,0.739556,0.688614,0.704640,0.683334,0.690719,0.704671,0.738925,0.712450,0.710984,0.750890,0.703861,0.699618,0.760200,0.707485,0.747492,0.758955,0.743307,0.742890,0.761353,0.776590,0.704035,0.766586,0.763696,0.724437,0.780533,0.739495,0.705738,0.654998,0.714575,0.607325,0.669768,0.638086,0.662870,0.768972,0.681103,0.707803,0.783023,0.684926,0.760095,0.732278,0.579094
31-2.1,0.630909,0.928952,0.639506,0.482837,0.987492,0.662258,0.421758,1.000000,0.499798,0.333601,0.910953,0.250800,0.462934,0.517444,0.726942,0.465677,0.777501,0.681921,0.474373,0.795808,0.639570,0.813672,0.745466,0.369794,0.619199,0.631141,0.659460,0.743306,0.646174,0.643533,0.752149,0.666604,0.603528,0.750903,0.647279,0.620099,0.753273,0.578887,0.725667,0.648982,0.681134,0.705247,0.711970,0.719759,0.684816,0.746397,0.713479,0.741330,0.745208,0.744487,0.657781,0.585367,0.596346,0.483200,0.593250,0.562931,0.562723,0.610072,0.513268,0.566761,0.580482,0.535150,0.580019,0.486814,0.669588,0.640724,0.686565,0.672698,0.723623,0.723399,0.680307,0.722302,0.718126,0.719266,0.703819,0.737948,0.698436,0.759875,0.774448,0.769332,0.777837,0.749925,0.784926,0.751683,0.773780,0.797927,0.726066,0.782550,0.711782,0.660003,0.740099,0.726885,0.781904,0.724644,0.783480,0.751205,0.699783,0.725063,0.746775,0.680013,0.704378,0.687668,0.621730,0.633898,0.748283,0.549880,0.725805,0.577017,0.605595,0.740297,0.621943,0.724300,0.672918,0.713458,0.709075,0.636924,0.715893
32-0.1,0.430573,0.620635,0.442784,0.509811,0.551999,0.444690,0.452818,0.499798,1.000000,0.386238,0.277535,0.430741,0.704972,0.533707,0.699495,0.747292,0.760495,0.746410,0.768452,0.746135,0.765335,0.509841,0.762250,0.700138,0.783320,0.724224,0.737113,0.722792,0.736249,0.725191,0.748011,0.730559,0.743483,0.746700,0.735384,0.765522,0.763854,0.719063,0.744415,0.731296,0.705567,0.745051,0.671676,0.747837,0.779771,0.668704,0.746719,0.702987,0.673537,0.754511,0.732611,0.572931,0.545202,0.491991,0.611661,0.617915,0.575952,0.642531,0.605859,0.583039,0.629179,0.702080,0.710397,0.778071,0.777371,0.617212,0.788151,0.781532,0.744492,0.736807,0.791456,0.700492,0.732607,0.750650,0.652664,0.634763,0.690805,0.776872,0.771756,0.770824,0.787353,0.799362,0.756792,0.790621,0.770702,0.746841,0.812378,0.791518,0.727294,0.740576,0.715608,0.701082,0.563718,0.724331,0.601987,0.702679,0.794671,0.733888,0.727495,0.732464,0.741673,0.785057,0.770686,0.727591,0.648573,0.769631,0.728035,0.806278,0.751327,0.683307,0.764387,0.718894,0.782426,0.744381,0.706308,0.733847,0.476402
32-1.1,0.713509,0.302737,0.696368,0.852184,0.337200,0.650786,0.959811,0.333601,0.386238,1.000000,0.346866,0.926988,0.506340,0.619692,0.690758,0.490317,0.623514,0.613324,0.490497,0.614190,0.574856,0.674035,0.601678,0.352654,0.514421,0.661574,0.635407,0.630104,0.678645,0.704872,0.652558,0.682683,0.689568,0.654976,0.700912,0.695090,0.663966,0.737974,0.637846,0.663738,0.581713,0.659547,0.686277,0.603522,0.683976,0.692643,0.622818,0.590572,0.705250,0.656414,0.660559,0.606786,0.602457,0.513835,0.612004,0.649561,0.568193,0.617471,0.631857,0.577239,0.517788,0.670421,0.649693,0.667919,0.637486,0.643752,0.538106,0.644654,0.655726,0.597816,0.652060,0.640496,0.615175,0.668359,0.650207,0.638457,0.640361,0.563760,0.592414,0.540918,0.579386,0.578633,0.621815,0.628841,0.611934,0.643133,0.637315,0.613742,0.695702,0.666203,0.636276,0.635883,0.642384,0.630046,0.659231,0.663557,0.601601,0.655589,0.652625,0.616993,0.683539,0.640032,0.644881,0.519653,0.620168,0.481058,0.564487,0.513646,0.528132,0.670750,0.555292,0.598909,0.674520,0.582700,0.664000,0.674972,0.431431
32-2.1,0.583702,0.717919,0.601388,0.377728,0.861376,0.654863,0.385077,0.910953,0.277535,0.346866,1.000000,0.325664,0.251836,0.349095,0.551947,0.251340,0.615244,0.488794,0.259660,0.653895,0.442877,0.767937,0.610811,0.176878,0.506903,0.498360,0.498611,0.602559,0.511877,0.510945,0.615835,0.541434,0.454369,0.616579,0.536859,0.458554,0.607028,0.453539,0.571016,0.492124,0.522306,0.567377,0.546898,0.568547,0.552576,0.598825,0.581132,0.584445,0.609460,0.632621,0.535953,0.454189,0.468939,0.353644,0.464666,0.421475,0.421392,0.480431,0.373112,0.439669,0.453893,0.388500,0.444313,0.361859,0.477942,0.484004,0.497258,0.480501,0.543701,0.567091,0.511269,0.536078,0.572573,0.568492,0.524484,0.634083,0.535066,0.589769,0.599056,0.594585,0.623472,0.574886,0.642891,0.629670,0.628284,0.664908,0.586487,0.644909,0.635330,0.578182,0.590199,0.590446,0.692049,0.581856,0.688519,0.610539,0.539046,0.589779,0.613880,0.558948,0.593595,0.554940,0.514297,0.410221,0.589814,0.332949,0.528198,0.359727,0.386172,0.620818,0.404675,0.537535,0.512813,0.517593,0.590023,0.521298,0.563020
33-1.1,0.590112,0.186947,0.588710,0.731631,0.243639,0.575066,0.859878,0.250800,0.430741,0.926988,0.325664,1.000000,0.455738,0.503650,0.582829,0.452739,0.549817,0.542018,0.458946,0.553405,0.517559,0.558625,0.560555,0.349022,0.539970,0.619733,0.574532,0.563647,0.636532,0.657147,0.603924,0.643685,0.644452,0.607344,0.656091,0.644729,0.604716,0.692671,0.574584,0.596556,0.517369,0.604131,0.563342,0.548376,0.640054,0.579328,0.570898,0.505204,0.597425,0.610277,0.605586,0.495835,0.488779,0.410664,0.514728,0.547795,0.460168,0.526791,0.531908,0.479823,0.450331,0.590067,0.576514,0.637904,0.569731,0.530907,0.498043,0.578081,0.558856,0.543904,0.595968,0.526171,0.562551,0.606391,0.522650,0.557902,0.532314,0.515994,0.521623,0.483889,0.530920,0.540341,0.568155,0.599783,0.582188,0.583157,0.616415,0.584414,0.664131,0.655018,0.560864,0.571123,0.551495,0.560829,0.574583,0.582998,0.562491,0.590267,0.588855,0.561133,0.632979,0.609695,0.617015,0.448208,0.509430,0.440936,0.492188,0.484962,0.460804,0.596192,0.500227,0.510267,0.627353,0.518968,0.587788,0.631168,0.301431
29-0.2,0.314001,0.634281,0.290129,0.813058,0.540202,0.253394,0.666370,0.462934,0.704972,0.506340,0.251836,0.455738,1.000000,0.890819,0.810686,0.994661,0.821881,0.889300,0.989258,0.752785,0.897826,0.517236,0.753885,0.862546,0.670471,0.855033,0.846456,0.834665,0.834846,0.876204,0.823311,0.815335,0.872537,0.801557,0.810839,0.858278,0.792711,0.771663,0.855395,0.883444,0.835776,0.857236,0.777771,0.855965,0.844047,0.802677,0.828457,0.713420,0.771542,0.788457,0.741432,0.604517,0.645935,0.580509,0.605530,0.703431,0.654316,0.600697,0.662771,0.648264,0.581789,0.693850,0.742437,0.646142,0.866249,0.785975,0.881516,0.852244,0.851336,0.869100,0.820623,0.818050,0.857058,0.761773,0.789042,0.758312,0.781894,0.847047,0.807644,0.861486,0.806689,0.878541,0.831868,0.746013,0.817490,0.786831,0.735144,0.768257,0.662749,0.636972,0.842839,0.842223,0.751601,0.823665,0.770969,0.816958,0.814794,0.833847,0.807951,0.740535,0.794545,0.772964,0.677194,0.895120,0.748157,0.877119,0.817222,0.884878,0.886646,0.758796,0.887132,0.801154,0.847235,0.805541,0.729052,0.666533,0.655060
29-1.2,0.428302,0.636163,0.396480,0.917850,0.572584,0.339568,0.781806,0.517444,0.533707,0.619692,0.349095,0.503650,0.890819,1.000000,0.865754,0.874922,0.811048,0.892267,0.854095,0.741390,0.890683,0.646316,0.720252,0.776254,0.603167,0.861452,0.847751,0.822944,0.849055,0.889580,0.816761,0.844054,0.881181,0.807797,0.803104,0.872317,0.809867,0.825955,0.851761,0.901159,0.849332,0.860823,0.816538,0.848035,0.829610,0.827576,0.834846,0.766068,0.797201,0.778758,0.735987,0.645987,0.703033,0.591860,0.638219,0.718065,0.679295,0.638064,0.687673,0.681284,0.589402,0.707982,0.765124,0.654383,0.820970,0.792956,0.793164,0.824635,0.838368,0.820448,0.786942,0.829028,0.822946,0.771986,0.830796,0.770730,0.804986,0.812546,0.789352,0.830481,0.781272,0.821456,0.822507,0.732133,0.777985,0.811252,0.690948,0.740318,0.694510,0.624134,0.806072,0.818452,0.753695,0.788604,0.769999,0.807523,0.754117,0.810087,0.790415,0.734049,0.772677,0.744134,0.646570,0.847320,0.735735,0.779632,0.776269,0.786669,0.842470,0.753881,0.836953,0.788779,0.835527,0.773167,0.725647,0.647384,0.741269
29-2.2,0.730625,0.798072,0.706442,0.862960,0.768956,0.661686,0.793207,0.726942,0.699495,0.690758,0.551947,0.582829,0.810686,0.865754,1.000000,0.805645,0.950859,0.962317,0.800810,0.921391,0.935842,0.867744,0.889949,0.709292,0.784345,0.920806,0.932305,0.936877,0.935552,0.935296,0.939206,0.938917,0.921526,0.939583,0.902252,0.939602,0.930397,0.907312,0.941416,0.941397,0.906304,0.941671,0.933963,0.928516,0.932533,0.947127,0.924498,0.907440,0.942957,0.913026,0.868084,0.783900,0.795889,0.678084,0.790864,0.816477,0.767911,0.804663,0.779845,0.766296,0.734246,0.822524,0.830577,0.793594,0.907030,0.862031,0.860512,0.917070,0.927102,0.894299,0.912626,0.918111,0.898971,0.909427,0.911506,0.880843,0.903667,0.915851,0.906812,0.903014,0.908882,0.917692,0.923055,0.901564,0.917851,0.927999,0.880206,0.909681,0.862580,0.838717,0.934722,0.915772,0.889433,0.922701,0.907818,0.933989,0.907962,0.926979,0.921140,0.865457,0.908650,0.892967,0.822499,0.889192,0.901633,0.823234,0.907786,0.846918,0.881047,0.913744,0.894064,0.925039,0.930362,0.911922,0.895063,0.834955,0.730443
30-0.2,0.301590,0.635297,0.284097,0.789062,0.541217,0.249925,0.644375,0.465677,0.747292,0.490317,0.251340,0.452739,0.994661,0.874922,0.805645,1.000000,0.827935,0.886788,0.994414,0.762076,0.901242,0.507686,0.770246,0.873113,0.694220,0.862480,0.853967,0.838920,0.843603,0.878639,0.829515,0.822325,0.878541,0.808974,0.815184,0.863467,0.798527,0.776874,0.859025,0.886135,0.838954,0.861909,0.774873,0.860030,0.851509,0.795344,0.834645,0.720134,0.765841,0.797710,0.748297,0.612059,0.646689,0.584977,0.614843,0.707947,0.658328,0.612342,0.670778,0.653347,0.595927,0.706905,0.749546,0.666786,0.869012,0.779341,0.889186,0.857918,0.848354,0.869404,0.828096,0.811245,0.857664,0.764343,0.777936,0.749274,0.774819,0.853377,0.816613,0.862635,0.815961,0.883833,0.833780,0.755781,0.823481,0.789915,0.745624,0.778161,0.669019,0.645995,0.841113,0.838370,0.734926,0.822112,0.757167,0.812746,0.821188,0.835726,0.807301,0.740217,0.798064,0.779422,0.685507,0.894252,0.741563,0.896752,0.817779,0.901937,0.892405,0.754875,0.889280,0.802265,0.852252,0.804512,0.730819,0.669628,0.648729
30-1.2,0.695907,0.823546,0.696718,0.797167,0.808981,0.681234,0.726229,0.777501,0.760495,0.623514,0.615244,0.549817,0.821881,0.811048,0.950859,0.827935,1.000000,0.949864,0.833472,0.983204,0.933424,0.857252,0.968602,0.743663,0.880799,0.930773,0.958286,0.961531,0.939484,0.944338,0.967610,0.949355,0.930939,0.965012,0.926555,0.933224,0.955366,0.895248,0.949921,0.940726,0.913861,0.949985,0.928251,0.946381,0.944223,0.941840,0.940161,0.917965,0.935868,0.944193,0.870571,0.801195,0.804867,0.703921,0.812943,0.835784,0.791131,0.831976,0.797964,0.796159,0.796874,0.843544,0.864453,0.815286,0.920725,0.870593,0.913690,0.926396,0.938220,0.930004,0.938286,0.914913,0.933119,0.917663,0.897224,0.906508,0.905621,0.941692,0.923984,0.925112,0.944290,0.949199,0.945603,0.935892,0.944894,0.944061,0.923228,0.941722,0.885356,0.876846,0.945026,0.923509,0.892905,0.934671,0.910218,0.944317,0.939858,0.943308,0.942979,0.889445,0.929772,0.928563,0.857348,0.880142,0.887849,0.845222,0.910804,0.880107,0.872809,0.938263,0.898084,0.917285,0.937175,0.916025,0.923107,0.875116,0.745139
30-2.2,0.593390,0.770254,0.575920,0.849773,0.729809,0.540442,0.747087,0.681921,0.746410,0.613324,0.488794,0.542018,0.889300,0.892267,0.962317,0.886788,0.949864,1.000000,0.883275,0.911923,0.991221,0.772882,0.891816,0.852317,0.815772,0.959723,0.956278,0.937224,0.959819,0.956654,0.953060,0.954009,0.949982,0.945399,0.896111,0.958911,0.927968,0.913857,0.948632,0.943444,0.898213,0.947871,0.899977,0.930979,0.942132,0.917105,0.918615,0.880803,0.913247,0.910982,0.874692,0.745617,0.754978,0.664009,0.753854,0.806267,0.759238,0.768838,0.769207,0.758501,0.734642,0.816794,0.851191,0.801222,0.930648,0.859489,0.909937,0.934625,0.931025,0.923858,0.917964,0.909236,0.925543,0.884751,0.891190,0.873737,0.887568,0.953691,0.915958,0.937899,0.938792,0.956636,0.940394,0.912688,0.938684,0.926520,0.894189,0.925691,0.837391,0.835697,0.952355,0.932482,0.876044,0.941971,0.888822,0.944382,0.938999,0.937657,0.934121,0.862718,0.916171,0.914386,0.828015,0.946280,0.891870,0.900463,0.937223,0.925905,0.939109,0.905378,0.949619,0.941312,0.948310,0.941790,0.882956,0.812120,0.708883
31-0.2,0.321918,0.641308,0.307646,0.781671,0.546774,0.276117,0.641497,0.474373,0.768452,0.490497,0.259660,0.458946,0.989258,0.854095,0.800810,0.994414,0.833472,0.883275,1.000000,0.768707,0.894586,0.512853,0.780014,0.872867,0.715488,0.861245,0.853140,0.842176,0.845020,0.876094,0.835162,0.824779,0.875659,0.816332,0.825775,0.863288,0.811656,0.778495,0.860255,0.881993,0.836371,0.862245,0.777403,0.861697,0.856182,0.801675,0.836902,0.724485,0.772070,0.805673,0.753796,0.613871,0.645002,0.585149,0.619840,0.709634,0.659859,0.618662,0.673018,0.655050,0.607028,0.712033,0.755416,0.674614,0.871270,0.779127,0.893696,0.859905,0.854624,0.872806,0.835820,0.814421,0.862223,0.773777,0.780256,0.757372,0.783179,0.854637,0.815256,0.864218,0.820887,0.888940,0.836147,0.768389,0.825807,0.795199,0.759777,0.786020,0.687300,0.666705,0.846523,0.843956,0.738602,0.829834,0.763172,0.819481,0.833583,0.844018,0.816207,0.760475,0.809356,0.794573,0.704590,0.890555,0.743996,0.890521,0.817372,0.902057,0.888838,0.764785,0.890847,0.803804,0.861269,0.809503,0.745972,0.694121,0.651582
31-1.2,0.726388,0.815765,0.734214,0.744797,0.816671,0.725588,0.698835,0.795808,0.746135,0.614190,0.653895,0.553405,0.752785,0.741390,0.921391,0.762076,0.983204,0.911923,0.768707,1.000000,0.894599,0.876343,0.986546,0.688103,0.904975,0.898541,0.930766,0.942002,0.911970,0.916752,0.951044,0.921193,0.908145,0.947654,0.925389,0.909145,0.929767,0.874422,0.916760,0.897219,0.875804,0.914513,0.885896,0.920300,0.915468,0.907280,0.914042,0.893595,0.905286,0.936774,0.834074,0.762415,0.753728,0.660142,0.778376,0.789911,0.743310,0.805589,0.748220,0.749830,0.778034,0.798472,0.816948,0.786616,0.885338,0.816714,0.876913,0.895848,0.903962,0.895890,0.916596,0.880431,0.901737,0.905528,0.859091,0.888704,0.870202,0.916629,0.904898,0.889006,0.927828,0.921305,0.919654,0.929894,0.934656,0.922321,0.924598,0.935777,0.885520,0.886369,0.921034,0.896673,0.877358,0.916163,0.889895,0.922238,0.929425,0.917807,0.925943,0.880623,0.914501,0.921845,0.861355,0.827343,0.864395,0.797569,0.883757,0.841185,0.817536,0.931239,0.851695,0.888292,0.905289,0.893920,0.915457,0.881413,0.702333
31-2.2,0.525541,0.730776,0.513642,0.827613,0.685992,0.484831,0.716675,0.639570,0.765335,0.574856,0.442877,0.517559,0.897826,0.890683,0.935842,0.901242,0.933424,0.991221,0.894586,0.894599,1.000000,0.723604,0.886329,0.898631,0.829942,0.962249,0.955166,0.920094,0.957890,0.950224,0.936307,0.950310,0.950282,0.928809,0.887905,0.952652,0.908693,0.913561,0.929623,0.931447,0.878381,0.932778,0.866433,0.915319,0.932247,0.882730,0.903658,0.852981,0.879216,0.896689,0.860128,0.713564,0.721849,0.634801,0.725308,0.781152,0.733602,0.742131,0.748686,0.735666,0.717505,0.804812,0.845590,0.807671,0.916046,0.822294,0.903928,0.917805,0.908281,0.907880,0.903258,0.878933,0.910446,0.860774,0.856983,0.847084,0.857777,0.941584,0.898243,0.923667,0.929016,0.944139,0.920837,0.901256,0.917489,0.906272,0.876417,0.907246,0.817578,0.824655,0.933641,0.915152,0.838712,0.925680,0.852041,0.924865,0.932154,0.921769,0.917583,0.854130,0.900655,0.908407,0.821496,0.936613,0.856358,0.917565,0.915234,0.941997,0.936653,0.886193,0.945263,0.919581,0.938660,0.921322,0.868645,0.798620,0.683899
32-0.2,0.857361,0.755090,0.839834,0.724684,0.813023,0.823623,0.728835,0.813672,0.509841,0.674035,0.767937,0.558625,0.517236,0.646316,0.867744,0.507686,0.857252,0.772882,0.512853,0.876343,0.723604,1.000000,0.831329,0.415128,0.735602,0.750743,0.779754,0.840752,0.777862,0.795430,0.835688,0.813266,0.765358,0.842195,0.827519,0.786729,0.853187,0.803054,0.817298,0.802952,0.783399,0.818689,0.845707,0.819693,0.817537,0.878158,0.835836,0.847182,0.883915,0.855210,0.774592,0.705778,0.718884,0.564427,0.721507,0.692773,0.656564,0.748966,0.653520,0.665740,0.666165,0.695609,0.710040,0.691267,0.747746,0.733329,0.694237,0.765785,0.815049,0.768342,0.800731,0.817378,0.786528,0.841419,0.825226,0.850814,0.830121,0.785393,0.806512,0.766731,0.812420,0.774831,0.823966,0.839759,0.812637,0.857732,0.810684,0.830387,0.862361,0.823108,0.803453,0.794258,0.842859,0.810782,0.859319,0.837518,0.779923,0.818474,0.836888,0.803636,0.830486,0.805257,0.780688,0.660020,0.823824,0.564985,0.758574,0.601797,0.651016,0.862136,0.678816,0.794268,0.793532,0.769259,0.852208,0.814940,0.674856
32-1.2,0.684371,0.760185,0.700779,0.726261,0.761003,0.698014,0.685551,0.745466,0.762250,0.601678,0.610811,0.560555,0.753885,0.720252,0.889949,0.770246,0.968602,0.891816,0.780014,0.986546,0.886329,0.831329,1.000000,0.715586,0.941621,0.900337,0.922447,0.925132,0.914392,0.911063,0.935966,0.922748,0.906795,0.935388,0.932441,0.902870,0.915553,0.874004,0.896477,0.884449,0.860809,0.901904,0.854108,0.911062,0.909213,0.872608,0.910004,0.866395,0.870080,0.936613,0.802512,0.741760,0.728320,0.641416,0.763370,0.774512,0.723590,0.794927,0.736617,0.735476,0.774848,0.796681,0.817225,0.801957,0.868631,0.782541,0.861447,0.878019,0.879363,0.879169,0.907333,0.851174,0.887455,0.894970,0.829637,0.875816,0.852618,0.897239,0.879643,0.863548,0.910195,0.907190,0.898783,0.925693,0.918571,0.902762,0.920993,0.923890,0.889329,0.895085,0.911390,0.891113,0.851521,0.911618,0.869338,0.911038,0.934959,0.918063,0.923463,0.892214,0.921900,0.935390,0.884461,0.798753,0.817664,0.797367,0.849844,0.851036,0.793265,0.931076,0.838685,0.852914,0.900186,0.871230,0.922005,0.902350,0.692855
32-2.2,0.177516,0.484353,0.173822,0.668519,0.415233,0.154203,0.522201,0.369794,0.700138,0.352654,0.176878,0.349022,0.862546,0.776254,0.709292,0.873113,0.743663,0.852317,0.872867,0.688103,0.898631,0.415128,0.715586,1.000000,0.744509,0.857005,0.824250,0.747582,0.834019,0.809318,0.764090,0.807923,0.828883,0.752371,0.737733,0.818098,0.717343,0.779436,0.770540,0.773584,0.717308,0.778178,0.659307,0.755591,0.786466,0.676113,0.739102,0.649985,0.666396,0.731897,0.701380,0.517444,0.535394,0.493088,0.534186,0.616389,0.581499,0.546974,0.599398,0.586777,0.568036,0.657845,0.727454,0.688277,0.753964,0.632727,0.771108,0.742631,0.715138,0.745416,0.726208,0.663559,0.746171,0.631545,0.628575,0.647075,0.639825,0.784323,0.706128,0.767805,0.763657,0.793271,0.733000,0.721428,0.727243,0.703030,0.686895,0.712397,0.604180,0.645186,0.771845,0.754589,0.624159,0.769783,0.629658,0.750260,0.794229,0.750041,0.747318,0.695499,0.725445,0.763058,0.662113,0.824330,0.645740,0.874235,0.745082,0.889057,0.842105,0.695999,0.835439,0.747134,0.790616,0.748058,0.688390,0.609268,0.515125
33-1.2,0.587117,0.611180,0.610791,0.620158,0.623856,0.628067,0.592491,0.619199,0.783320,0.514421,0.506903,0.539970,0.670471,0.603167,0.784345,0.694220,0.880799,0.815772,0.715488,0.904975,0.829942,0.735602,0.941621,0.744509,1.000000,0.839238,0.849637,0.837974,0.857920,0.842050,0.857749,0.868116,0.849638,0.863984,0.885418,0.849670,0.842842,0.855521,0.820662,0.800678,0.776002,0.831224,0.757487,0.837799,0.860542,0.778560,0.840692,0.808495,0.791307,0.882392,0.769706,0.654164,0.635876,0.560463,0.695822,0.691953,0.647077,0.736839,0.665675,0.665396,0.739154,0.751054,0.784489,0.828791,0.789692,0.668575,0.784304,0.801645,0.786928,0.792978,0.855651,0.741955,0.813720,0.808134,0.718227,0.801124,0.760802,0.819439,0.784970,0.777120,0.847389,0.833893,0.809471,0.883088,0.835215,0.820749,0.876141,0.858602,0.847124,0.891698,0.829665,0.812643,0.747611,0.851317,0.761743,0.844813,0.894383,0.841969,0.868108,0.862686,0.858914,0.911461,0.879253,0.719305,0.722227,0.752418,0.771901,0.813678,0.730840,0.867961,0.784821,0.778839,0.852454,0.807829,0.868811,0.888098,0.577056
29-0.3,0.560692,0.673231,0.561870,0.847087,0.659696,0.539641,0.770592,0.631141,0.724224,0.661574,0.498360,0.619733,0.855033,0.861452,0.920806,0.862480,0.930773,0.959723,0.861245,0.898541,0.962249,0.750743,0.900337,0.857005,0.839238,1.000000,0.966588,0.940543,0.993806,0.969070,0.961987,0.983439,0.966459,0.956694,0.921749,0.962722,0.923920,0.933532,0.924899,0.926936,0.860152,0.936827,0.858165,0.904622,0.940666,0.881958,0.905362,0.830985,0.880657,0.910455,0.860593,0.711521,0.712142,0.618529,0.722427,0.776362,0.716012,0.739580,0.744776,0.723137,0.705673,0.803188,0.834171,0.806797,0.901503,0.805789,0.888998,0.907324,0.899906,0.902733,0.897686,0.862208,0.911570,0.874348,0.843128,0.855268,0.844039,0.927277,0.886642,0.899268,0.922227,0.927139,0.921427,0.915124,0.917739,0.914585,0.877651,0.911594,0.860544,0.855152,0.939452,0.925321,0.852151,0.926352,0.873228,0.929266,0.928245,0.938369,0.925878,0.874366,0.921644,0.917234,0.832458,0.898542,0.846287,0.892929,0.889473,0.919635,0.904101,0.905967,0.911543,0.904269,0.948059,0.894845,0.895052,0.819397,0.681296
29-1.3,0.602916,0.714590,0.605864,0.821317,0.689612,0.586333,0.745203,0.659460,0.737113,0.635407,0.498611,0.574532,0.846456,0.847751,0.932305,0.853967,0.958286,0.956278,0.853140,0.930766,0.955166,0.779754,0.922447,0.824250,0.849637,0.966588,1.000000,0.957370,0.969144,0.958266,0.960660,0.966358,0.953080,0.963864,0.912703,0.950784,0.926677,0.916821,0.921256,0.932714,0.880088,0.927922,0.885769,0.910266,0.929307,0.894252,0.907363,0.856428,0.887268,0.909333,0.844217,0.755931,0.759323,0.666908,0.763951,0.807799,0.753958,0.778169,0.777963,0.759349,0.756725,0.825430,0.846972,0.803603,0.908274,0.833096,0.900325,0.909720,0.907692,0.907617,0.910576,0.879317,0.910936,0.882002,0.855146,0.865633,0.854381,0.914064,0.890292,0.894545,0.912549,0.917775,0.906189,0.899861,0.900876,0.903892,0.877877,0.896737,0.839889,0.847476,0.919765,0.893115,0.838466,0.908476,0.855143,0.916715,0.919173,0.917447,0.913338,0.863361,0.899533,0.906140,0.814576,0.875223,0.844102,0.866727,0.873381,0.896245,0.881074,0.897272,0.888727,0.892405,0.919351,0.879380,0.897586,0.826265,0.706179
29-2.3,0.643863,0.791423,0.642437,0.818900,0.773556,0.629058,0.737662,0.743306,0.722792,0.630104,0.602559,0.563647,0.834665,0.822944,0.936877,0.838920,0.961531,0.937224,0.842176,0.942002,0.920094,0.840752,0.925132,0.747582,0.837974,0.940543,0.957370,1.000000,0.947610,0.962620,0.983183,0.951452,0.943235,0.981896,0.932549,0.942018,0.953151,0.896153,0.954113,0.951793,0.927372,0.958806,0.914544,0.953920,0.954995,0.932765,0.949697,0.890739,0.926593,0.949236,0.859928,0.769600,0.784158,0.683542,0.777758,0.812838,0.764774,0.788254,0.767460,0.765877,0.764397,0.804564,0.830585,0.773308,0.929684,0.867910,0.927626,0.934362,0.941211,0.949588,0.944167,0.921351,0.950128,0.918681,0.899168,0.920470,0.901079,0.936175,0.926100,0.925553,0.935875,0.942829,0.942318,0.918701,0.934356,0.939303,0.894375,0.922250,0.868311,0.850871,0.936224,0.922649,0.900110,0.930136,0.914142,0.938096,0.919965,0.936400,0.935418,0.881815,0.921205,0.908859,0.832805,0.879889,0.886857,0.838212,0.897547,0.861454,0.870745,0.919130,0.886707,0.905263,0.929208,0.895284,0.900814,0.843006,0.751881
30-0.3,0.610082,0.683610,0.610679,0.845715,0.670790,0.586396,0.779683,0.646174,0.736249,0.678645,0.511877,0.636532,0.834846,0.849055,0.935552,0.843603,0.939484,0.959819,0.845020,0.911970,0.957890,0.777862,0.914392,0.834019,0.857920,0.993806,0.969144,0.947610,1.000000,0.968210,0.966338,0.989694,0.963810,0.966794,0.931443,0.968414,0.933031,0.940997,0.931896,0.931901,0.874306,0.945180,0.878253,0.914599,0.951097,0.896574,0.918043,0.854106,0.897770,0.926097,0.864428,0.740628,0.739485,0.643606,0.753601,0.796518,0.737606,0.771848,0.766934,0.744468,0.733509,0.825701,0.845818,0.827984,0.904158,0.816857,0.886488,0.912772,0.904411,0.902431,0.910260,0.869122,0.912127,0.892443,0.851357,0.865805,0.855457,0.925384,0.893851,0.897080,0.922769,0.926197,0.923157,0.923962,0.923210,0.921185,0.894272,0.920262,0.879738,0.878371,0.942947,0.927062,0.861154,0.933792,0.881582,0.936563,0.937787,0.944340,0.933734,0.889312,0.930529,0.932041,0.850546,0.887020,0.852625,0.881802,0.887962,0.908511,0.893839,0.920910,0.903276,0.908191,0.951117,0.897810,0.914144,0.845110,0.695357
30-1.3,0.597451,0.701895,0.591992,0.887993,0.682947,0.565286,0.812221,0.643533,0.725191,0.704872,0.510945,0.657147,0.876204,0.889580,0.935296,0.878639,0.944338,0.956654,0.876094,0.916752,0.950224,0.795430,0.911063,0.809318,0.842050,0.969070,0.958266,0.962620,0.968210,1.000000,0.966643,0.966319,0.992249,0.960841,0.952858,0.984056,0.945367,0.943775,0.952891,0.970447,0.921245,0.962240,0.898087,0.949607,0.959736,0.918407,0.945507,0.879537,0.909509,0.938575,0.865404,0.747323,0.765762,0.662430,0.760014,0.807623,0.753607,0.776060,0.770066,0.762246,0.743553,0.820528,0.862097,0.818343,0.928654,0.854038,0.906826,0.937515,0.930097,0.932667,0.936874,0.906261,0.938849,0.905329,0.889163,0.899267,0.890369,0.930870,0.907297,0.918728,0.927711,0.939847,0.937868,0.914912,0.928160,0.934819,0.891948,0.913507,0.871866,0.847771,0.923073,0.919824,0.864542,0.919021,0.883320,0.927309,0.915392,0.931714,0.927952,0.873436,0.922322,0.913080,0.845774,0.894548,0.852886,0.856035,0.891582,0.887532,0.891268,0.900971,0.910635,0.896934,0.948312,0.896878,0.880119,0.837633,0.716214
30-2.3,0.658219,0.787901,0.663013,0.819723,0.778167,0.654570,0.748652,0.752149,0.748011,0.652558,0.615835,0.603924,0.823311,0.816761,0.939206,0.829515,0.967610,0.953060,0.835162,0.951044,0.936307,0.835688,0.935966,0.764090,0.857749,0.961987,0.960660,0.983183,0.966338,0.966643,1.000000,0.967578,0.952682,0.994204,0.934570,0.950251,0.970237,0.907983,0.948855,0.939014,0.901293,0.953373,0.897281,0.939987,0.958609,0.919440,0.937394,0.888355,0.922068,0.950987,0.881529,0.763145,0.758206,0.665030,0.774790,0.807698,0.756024,0.792467,0.767126,0.760245,0.765942,0.818054,0.845659,0.811180,0.937526,0.858924,0.929343,0.946702,0.945686,0.947395,0.945276,0.919826,0.951886,0.924164,0.899727,0.913956,0.904824,0.958735,0.938571,0.938990,0.961058,0.958601,0.964141,0.950949,0.963201,0.961593,0.932603,0.958067,0.904168,0.889647,0.950448,0.939675,0.898274,0.943953,0.917145,0.952834,0.942805,0.955312,0.953165,0.895061,0.944258,0.936540,0.865259,0.901007,0.897853,0.859725,0.925664,0.892500,0.892365,0.929732,0.915704,0.928669,0.952292,0.934272,0.915807,0.867171,0.726927
31-0.3,0.637879,0.693860,0.638932,0.845413,0.687987,0.621281,0.783279,0.666604,0.730559,0.682683,0.541434,0.643685,0.815335,0.844054,0.938917,0.822325,0.949355,0.954009,0.824779,0.921193,0.950310,0.813266,0.922748,0.807923,0.868116,0.983439,0.966358,0.951452,0.989694,0.966319,0.967578,1.000000,0.958787,0.970479,0.933216,0.963996,0.953375,0.954697,0.936340,0.939789,0.888486,0.952143,0.891454,0.926868,0.956422,0.902910,0.933774,0.868559,0.903148,0.937481,0.862781,0.754427,0.754615,0.646241,0.768218,0.801406,0.744156,0.789966,0.773354,0.755200,0.743272,0.834641,0.860552,0.838630,0.905986,0.822968,0.886178,0.913366,0.914509,0.905677,0.918495,0.882974,0.917280,0.912640,0.871403,0.880658,0.875904,0.925803,0.898226,0.901030,0.926097,0.928080,0.930150,0.935916,0.924766,0.937383,0.904763,0.927536,0.904702,0.897652,0.936768,0.926126,0.861252,0.931475,0.886355,0.938400,0.939836,0.945154,0.940404,0.905932,0.938098,0.944731,0.863734,0.872147,0.849418,0.857034,0.879777,0.893781,0.877475,0.935618,0.895673,0.900836,0.955634,0.895290,0.930670,0.872731,0.711186
31-1.3,0.568475,0.675390,0.565314,0.873835,0.646345,0.533605,0.795182,0.603528,0.743483,0.689568,0.454369,0.644452,0.872537,0.881181,0.921526,0.878541,0.930939,0.949982,0.875659,0.908145,0.950282,0.765358,0.906795,0.828883,0.849638,0.966459,0.953080,0.943235,0.963810,0.992249,0.952682,0.958787,1.000000,0.946977,0.949782,0.987631,0.928853,0.946079,0.935623,0.957905,0.898308,0.943067,0.870328,0.931422,0.945031,0.893069,0.925196,0.856771,0.884456,0.920444,0.853517,0.712346,0.723901,0.624472,0.726207,0.775708,0.718823,0.748229,0.740975,0.727104,0.713427,0.800798,0.841893,0.814279,0.917401,0.815373,0.891604,0.929007,0.914389,0.909231,0.924197,0.887056,0.917509,0.890596,0.869174,0.867600,0.869735,0.919022,0.892064,0.901711,0.915180,0.929182,0.918590,0.904474,0.915256,0.915871,0.883279,0.900699,0.858365,0.837799,0.907733,0.902669,0.827337,0.903877,0.849371,0.907512,0.910537,0.912982,0.909689,0.861234,0.904647,0.905133,0.839724,0.894192,0.834141,0.866295,0.886511,0.899847,0.894910,0.883209,0.913718,0.890816,0.943985,0.892431,0.865389,0.831251,0.684487
31-2.3,0.673190,0.779242,0.680563,0.813694,0.771823,0.672519,0.749269,0.750903,0.746700,0.654976,0.616579,0.607344,0.801557,0.807797,0.939583,0.808974,0.965012,0.945399,0.816332,0.947654,0.928809,0.842195,0.935388,0.752371,0.863984,0.956694,0.963864,0.981896,0.966794,0.960841,0.994204,0.970479,0.946977,1.000000,0.929266,0.947470,0.970367,0.911383,0.942324,0.938450,0.901858,0.949367,0.898981,0.936426,0.953953,0.914266,0.938474,0.893409,0.917609,0.948500,0.873367,0.772951,0.768683,0.671833,0.785754,0.812561,0.761577,0.804157,0.775132,0.768616,0.780136,0.827345,0.852563,0.821020,0.927625,0.853590,0.918289,0.936721,0.937007,0.936907,0.942215,0.912273,0.942955,0.928157,0.893272,0.909609,0.901342,0.945404,0.928063,0.927765,0.951681,0.946025,0.954054,0.949987,0.948936,0.958151,0.929431,0.949877,0.910908,0.893859,0.938558,0.929876,0.888013,0.933505,0.908644,0.944925,0.936041,0.949320,0.947950,0.901069,0.939986,0.935824,0.865737,0.880043,0.882201,0.840975,0.905489,0.876721,0.874086,0.926618,0.898616,0.914135,0.945690,0.916760,0.918943,0.872377,0.737951
32-0.3,0.655768,0.685296,0.650026,0.843634,0.673784,0.631641,0.795151,0.647279,0.735384,0.700912,0.536859,0.656091,0.810839,0.803104,0.902252,0.815184,0.926555,0.896111,0.825775,0.925389,0.887905,0.827519,0.932441,0.737733,0.885418,0.921749,0.912703,0.932549,0.931443,0.952858,0.934570,0.933216,0.949782,0.929266,1.000000,0.946598,0.926901,0.921668,0.918584,0.931183,0.881865,0.930753,0.864004,0.930963,0.946085,0.904577,0.937763,0.859502,0.896063,0.952839,0.829770,0.695819,0.710014,0.593149,0.724546,0.746697,0.690213,0.752044,0.707552,0.701675,0.703994,0.777349,0.815640,0.810870,0.872432,0.770276,0.849808,0.884036,0.896286,0.882582,0.905821,0.864287,0.896256,0.900368,0.846754,0.887166,0.869342,0.889364,0.878567,0.874652,0.898505,0.907177,0.902643,0.907377,0.901162,0.910214,0.893776,0.899044,0.902436,0.877874,0.909430,0.915339,0.861136,0.917529,0.883369,0.916382,0.919818,0.930998,0.930596,0.924997,0.932777,0.929304,0.884160,0.809234,0.815985,0.782804,0.831830,0.823723,0.812862,0.914719,0.843363,0.846952,0.926779,0.848582,0.907767,0.889528,0.708894
32-1.3,0.607916,0.698405,0.593639,0.877966,0.666697,0.557058,0.804918,0.620099,0.765522,0.695090,0.458554,0.644729,0.858278,0.872317,0.939602,0.863467,0.933224,0.958911,0.863288,0.909145,0.952652,0.786729,0.902870,0.818098,0.849670,0.962722,0.950784,0.942018,0.968414,0.984056,0.950251,0.963996,0.987631,0.947470,0.946598,1.000000,0.939661,0.966417,0.950159,0.955175,0.908010,0.955872,0.892629,0.942907,0.958594,0.913120,0.938202,0.875955,0.905250,0.933414,0.864379,0.724575,0.736894,0.633149,0.739738,0.782870,0.729577,0.762387,0.749985,0.734372,0.718090,0.811402,0.845975,0.825323,0.927800,0.826479,0.891711,0.938926,0.926584,0.909318,0.932511,0.903285,0.916611,0.908820,0.885798,0.868912,0.877734,0.930956,0.913330,0.916170,0.925834,0.938517,0.929004,0.914917,0.925764,0.928032,0.898675,0.913512,0.869128,0.850381,0.920525,0.909791,0.840942,0.918919,0.862352,0.924038,0.922529,0.924000,0.922997,0.878017,0.913887,0.920557,0.849200,0.901669,0.862658,0.866564,0.900449,0.897392,0.904764,0.898667,0.915819,0.911871,0.954261,0.904974,0.882565,0.836829,0.691335
