,29-0.1,29-2.1,30-0.1,30-1.1,30-2.1,31-0.1,31-1.1,31-2.1,32-0.1,32-1.1,32-2.1,33-1.1,29-0.2,29-1.2,29-2.2,30-0.2,30-1.2,30-2.2,31-0.2,31-1.2,31-2.2,32-0.2,32-1.2,32-2.2,33-1.2,29-0.3,29-1.3,29-2.3,30-0.3,30-1.3,30-2.3,31-0.3,31-1.3,31-2.3,32-0.3,32-1.3,32-2.3,33-1.3,29-0.4,29-1.4,29-2.4,30-0.4,30-1.4,30-2.4,31-0.4,31-1.4,31-2.4,32-0.4,32-1.4,32-2.4,33-1.4,29-0.5,29-1.5,29-2.5,30-0.5,30-1.5,30-2.5,31-0.5,31-1.5,31-2.5,32-0.5,32-1.5,32-2.5,33-1.5,29-0.6,29-1.6,29-2.6,30-0.6,30-1.6,30-2.6,31-0.6,31-1.6,31-2.6,32-0.6,32-1.6,32-2.6,33-1.6,29-0.7,29-1.7,29-2.7,30-0.7,30-1.7,30-2.7,31-0.7,31-1.7,31-2.7,32-0.7,32-1.7,32-2.7,33-1.7,29-0.8,29-1.8,29-2.8,30-0.8,30-1.8,30-2.8,31-0.8,31-1.8,31-2.8,32-0.8,32-1.8,32-2.8,33-1.8,29-0.9,29-1.9,29-2.9,30-0.9,30-1.9,30-2.9,31-0.9,31-1.9,31-2.9,32-0.9,32-1.9,32-2.9,33-1.9,BG
29-0.1,1,0.581242138744231,0.988590433346955,0.59461962045396,0.625326382933597,0.95701799408705,0.680091656527641,0.630925757630705,0.431107768065806,0.713390686624105,0.583586322153732,0.590079176906914,0.31431587103476,0.428010207850533,0.730734835017877,0.301817445594113,0.696526190973278,0.5934117440749,0.322060148620965,0.726503893838936,0.525520685166427,0.857306291877274,0.684610757560803,0.177784511490318,0.587343042563093,0.560546700398596,0.603999585732721,0.643386273581729,0.609582585920275,0.59804494807095,0.658364924150102,0.637983171899339,0.568968663533899,0.67295400878678,0.655633581414944,0.60801879487799,0.695032051639186,0.636280052354415,0.611165286511563,0.596166546658019,0.578413290609008,0.61544525857305,0.720962254621168,0.602423005701371,0.6268137989891,0.716866960728847,0.62218963042492,0.706117926788383,0.748745937464717,0.664051162596806,0.641176814941943,0.706409288507586,0.659118625419809,0.580439192145053,0.715478277933921,0.674708833373089,0.629326443640704,0.736188617505881,0.653677515047534,0.626346596929261,0.659213335780598,0.674773633268145,0.611171836412374,0.633767115859563,0.599199203843464,0.658828273026059,0.520315098071832,0.622565863381267,0.658254578647839,0.580517757192374,0.662851553254982,0.669019566528524,0.599150242261981,0.725695876099682,0.68782541602975,0.680849540658294,0.700148600696854,0.58495087558076,0.610125973615145,0.543189487304385,0.617725669739553,0.578534638654349,0.626067933108865,0.692325299104751,0.640540557063201,0.664216488849394,0.702354780103055,0.678773925436846,0.746449164245407,0.743398226041021,0.647957840637721,0.622047004552837,0.691579476044848,0.650474105650426,0.707252089274663,0.677296188188893,0.639740275843174,0.664042096632754,0.667805264458769,0.673158765794819,0.685993593443577,0.663305169713876,0.685509509714394,0.475417517294635,0.68246477810917,0.369254433907604,0.599302380747744,0.418457044636036,0.463975535689039,0.721743889516047,0.506747865986149,0.640543999167851,0.622329933229207,0.633462560069051,0.733850979919308,0.750207855417284,0.48443069120516
29-2.1,0.581242138744231,1,0.571743141864144,0.552694398019318,0.964117984284718,0.561557519454409,0.428145825518859,0.928622265536285,0.621372366421027,0.303053360722358,0.717292995594297,0.187126642410258,0.634521012494718,0.636878474805221,0.798297331331163,0.635913235715251,0.823578008965174,0.770343612306002,0.641685276061108,0.815478114045119,0.731216618664578,0.755711301764386,0.760258102875723,0.484244419231061,0.610928737440041,0.672877272417684,0.71384458370994,0.791035339951913,0.683453042243237,0.702234726839615,0.788154637822999,0.693577292370936,0.67560866540844,0.778939051317628,0.685424889923925,0.698615529967512,0.800149742379151,0.616201203209947,0.792255842089246,0.735597722210988,0.769209195963004,0.760505454498811,0.769727902605157,0.79051203826216,0.731990466525839,0.796188205767186,0.767165995341079,0.788152990267878,0.777742429295353,0.761009495364755,0.685370457501095,0.622613242272016,0.637484472084837,0.542371316717761,0.623574746963696,0.622068667617218,0.619472769177818,0.635595726912628,0.568389110478204,0.607865079694087,0.609109870502863,0.584088506075179,0.620475966550921,0.516904316824118,0.765925364025504,0.726160376288578,0.782804803216018,0.772079132241332,0.80457597347147,0.793056164314104,0.754798300077445,0.81275496202349,0.777403547436837,0.773228887056731,0.79265917972901,0.755627309680857,0.776094160950218,0.828698611167209,0.840680648929364,0.84826323316162,0.822676390514897,0.82575700692815,0.830266726688908,0.763227825172517,0.82164186114109,0.825371929527179,0.755356211232149,0.808620848346691,0.69171805906346,0.633328164875003,0.78394817113988,0.772827776008033,0.788778045809544,0.763951621985244,0.794453219354061,0.782403898323866,0.74487820977194,0.765596452818156,0.773236290254255,0.702388903962092,0.726263762788119,0.709864940446273,0.632564103061869,0.769807674992142,0.808748170935823,0.663060045979056,0.818408199728143,0.680517460061875,0.731660100581881,0.744673613672586,0.745160212172565,0.796665320708799,0.735801642540709,0.797315522380335,0.706044556952141,0.64010533067414,0.743809255339456
30-0.1,0.988590433346955,0.571743141864144,1,0.555849899078294,0.622751759969134,0.98071123828401,0.646861906475658,0.639677180199961,0.442570130703931,0.696350347874092,0.601571628180827,0.588576697887115,0.289964649137376,0.396068538819146,0.706471007594591,0.28384004293016,0.696986476423946,0.575726492982356,0.30714851129976,0.734197670719186,0.513431652780396,0.84001171208375,0.700657086698282,0.173669485383963,0.610671373837657,0.561520165560978,0.606711499072711,0.642080213721166,0.610070510281908,0.592422243992381,0.663146960936203,0.63884216647643,0.565586562199732,0.680328837986502,0.650149583417249,0.593608002603163,0.695303873796647,0.620863512736858,0.59336436308878,0.57647584332973,0.560504726798647,0.598411881854008,0.699947211075823,0.58464987234266,0.611443720961015,0.689880139598145,0.604748301400811,0.696229416404687,0.723308688767038,0.653626792345959,0.622589042555081,0.706663755355653,0.64642303442984,0.581431870466882,0.715866418626869,0.671906141933448,0.62619284464206,0.73964169076393,0.650983818130745,0.626453939702555,0.682024968802301,0.673021869062992,0.612774988890683,0.637664214353806,0.589486931270337,0.645074087371216,0.526011643121601,0.618576697406897,0.645262745309559,0.57909647715969,0.664263976370311,0.653218654197869,0.600969095981636,0.725123452047283,0.671543845796213,0.678844028239716,0.690638011163378,0.57260963763189,0.596374274436664,0.52575729328879,0.614732667934321,0.566339423256292,0.61726506753824,0.700357010566021,0.63395585579606,0.659672432045361,0.709651307658023,0.68070468331906,0.755026149737624,0.757505700076514,0.635929357906049,0.607895741334131,0.676861688645223,0.63904988121004,0.689165344189617,0.665412303795407,0.638669224519153,0.654263089076527,0.66314859570522,0.675441077084207,0.68038254710605,0.665685266090204,0.697560789181964,0.449542642777741,0.648655931714477,0.354253191220227,0.579452941622139,0.412347942542944,0.436130670874548,0.716958264664152,0.489335321667082,0.613146335354837,0.609618390416515,0.619951323366261,0.728119604338741,0.762891186785142,0.486454680687571
30-1.1,0.59461962045396,0.552694398019318,0.555849899078294,1,0.522896141236253,0.500349421699626,0.955149501663875,0.483687556828116,0.510812596333811,0.851613330913429,0.378715004769817,0.73136934872333,0.81370178195725,0.918289261464458,0.863045421983307,0.789057655035455,0.79788470780454,0.849997471856035,0.781895479700174,0.745204708701036,0.827775341471129,0.725601513383593,0.726902722833593,0.66912221999555,0.620715575749057,0.847426716838086,0.822930647072667,0.818701990576511,0.845846476155587,0.888514996649187,0.820112019827959,0.845896606334203,0.874319706690346,0.814275655040462,0.843954038599467,0.878365726226809,0.823916035901747,0.873183118904641,0.845894487779498,0.882626549957609,0.816350100813115,0.860805347465822,0.841573595637313,0.832581478644158,0.856165316382389,0.860505451527688,0.832385569178515,0.753292225049063,0.84534576443903,0.815070389116292,0.774296819187396,0.67494623180197,0.717747082870043,0.601227071210059,0.675386824001639,0.747481959432338,0.686773396934837,0.676248276938425,0.715796056319473,0.690406929877252,0.597408060448807,0.747086827034534,0.78453361389675,0.71323008113409,0.829567893031258,0.806939748859547,0.760113488805726,0.826205015988381,0.851678601805459,0.810358589518303,0.807386590864573,0.839974470346962,0.817569643651981,0.80444044298478,0.844235085016145,0.803148654184806,0.821075544220022,0.787734509704363,0.789217628134188,0.796969046804336,0.771159688630315,0.803300367710544,0.820933421041302,0.757595210008532,0.782386761438216,0.821601040879532,0.73375445751377,0.753629997212542,0.767523212596102,0.700291560458286,0.820550041318015,0.837968237185887,0.800189834045606,0.811385978993342,0.818225468058302,0.84095149155997,0.766956276572968,0.832597370812125,0.824018439221775,0.772244573525648,0.820940718484848,0.781481332644926,0.717595543106542,0.791120624085297,0.779751930089284,0.722275328236412,0.765375011772662,0.742463837501648,0.78804316805667,0.806260681626801,0.799644035727366,0.791219082617084,0.852781369787292,0.77280665079767,0.785216415483365,0.735010392903998,0.68983551283011
30-2.1,0.625326382933597,0.964117984284718,0.622751759969134,0.522896141236253,1,0.634231967419578,0.439971293266065,0.987572685550263,0.552367584787151,0.337101137510688,0.861488801637639,0.243656575379201,0.53998999514572,0.57263177534363,0.768834579405492,0.541279188215524,0.808827482272778,0.729514346688761,0.546731826619189,0.816212478357567,0.685990262130094,0.813400156201399,0.761197587834354,0.415054033962566,0.623883247014223,0.659706588191575,0.689093177011858,0.773492785104673,0.670646559054786,0.683331547866675,0.778522221464138,0.687764673162283,0.646580770516333,0.771953992814128,0.67395642444491,0.666787906461355,0.783137351897127,0.609951093594147,0.768329900056477,0.695975578421925,0.72458961607717,0.743240022638333,0.746932757357692,0.761238255638027,0.718131264004728,0.783350414281089,0.748275411584119,0.771089642889157,0.77829753074644,0.76432018886139,0.694905469639717,0.605201259195495,0.616809017927679,0.506760535909468,0.609826313817229,0.591666150421619,0.589285220674818,0.624704972600278,0.537531218692973,0.587258708017559,0.592500362564595,0.558897535819354,0.602641148210031,0.506355082817895,0.724538506825303,0.688993019769256,0.736338326386506,0.727246694648737,0.773780975003657,0.768542959949633,0.724057641029764,0.776421132176484,0.759715486330198,0.752322243657512,0.757628661164541,0.763952504806816,0.744150688180225,0.805418679361194,0.81635914421709,0.819237764278574,0.814346292680857,0.796770968727552,0.822899221588608,0.772767714487288,0.811820581230724,0.826501003496953,0.75349842028013,0.810375004416863,0.716415148530506,0.662006014437838,0.775076308933449,0.758449575478427,0.805753920664335,0.757126624651802,0.80990227993001,0.78098494437127,0.729400070631242,0.756974040070856,0.772826890938559,0.697949391307329,0.729500921415426,0.707395049583094,0.637023192026768,0.706238622390342,0.79844592846537,0.60739862608038,0.785073759681041,0.630303695346449,0.674692304456212,0.756808969745936,0.686818616043228,0.77511340272804,0.713513481190079,0.764925132265426,0.719457618284379,0.642873898982215,0.727913766673621
31-0.1,0.95701799408705,0.561557519454409,0.98071123828401,0.500349421699626,0.634231967419578,1,0.595526349431973,0.66218004762459,0.444757447598676,0.65062848825051,0.654762714226766,0.574928701308663,0.253293399533764,0.339288860421552,0.661447447719794,0.24969709739429,0.68125970551005,0.540179521506167,0.275643688543095,0.7255223614774,0.48462236847311,0.823521106587614,0.697902371516914,0.153992285938094,0.627965294369394,0.539303689319577,0.587058611279625,0.628578003417884,0.585692964146122,0.565595380803801,0.654526712896485,0.621041902581019,0.533702159678999,0.672133318512063,0.63146260154865,0.55689870196302,0.684990419768831,0.59309534509354,0.564476596301955,0.538660016885045,0.529311881576407,0.574099433224099,0.650962366438955,0.56459084305816,0.596584829951122,0.650918019263852,0.587760360780437,0.656986732584832,0.689271691392278,0.644428888483029,0.605525075383397,0.657353000339333,0.5955540025244,0.525969146101048,0.673523181511225,0.624067866350526,0.574806339062209,0.698712941603891,0.598401856745713,0.581107330061124,0.66493546347967,0.630898981584571,0.58159760774867,0.624159373507619,0.584645484113561,0.604912965570686,0.535644505266226,0.606851495986098,0.635107542148426,0.586538407002329,0.663527613174841,0.640998661211953,0.606534321163477,0.724625817033507,0.65368629505581,0.691199997059479,0.682870167899929,0.56612566182883,0.591249870567245,0.526491840838813,0.617643831374168,0.560363724766317,0.617277181335488,0.709101355482684,0.629903313820255,0.66240559355368,0.719422541375252,0.684360218193554,0.763746898428396,0.779223457509708,0.624041051748327,0.60117532815729,0.677151976303737,0.634083903130567,0.687155038717996,0.660397729777737,0.638288591608782,0.647432900912072,0.663923573528078,0.687376864617021,0.676674478152602,0.672183433019963,0.711758854460063,0.419543895506102,0.629489755979609,0.328038258905592,0.556546964374788,0.392512884003795,0.402509277943751,0.714058897532718,0.465524620958859,0.585475716395137,0.591003082618545,0.605739766022894,0.727248625314397,0.774594790552747,0.471888754150568
31-1.1,0.680091656527641,0.428145825518859,0.646861906475658,0.955149501663875,0.439971293266065,0.595526349431973,1,0.421796899442971,0.453368502290406,0.95974391904979,0.385280352655847,0.859813042802726,0.666694136663146,0.782076151103809,0.792900533572914,0.644047122205434,0.726684935634213,0.746757240892837,0.641396954289338,0.698798174302602,0.716361196822061,0.728972354877409,0.685794947801246,0.522508241997943,0.592493420838719,0.770724351204647,0.746781518288438,0.737038800253158,0.779365103461147,0.812584579030814,0.748551977695512,0.783518599090039,0.795423757333845,0.749363714457228,0.79521528939423,0.804962913304184,0.757863874606145,0.8315432490831,0.757138266076375,0.788150323417585,0.71051712780739,0.779458022452746,0.780714723406522,0.737560370789013,0.791922196226005,0.794224023316249,0.750790654476333,0.683309027290324,0.793934869130423,0.764808917906684,0.730335124199783,0.649958935047511,0.672171400244699,0.564880521933217,0.65537466781612,0.710645525317812,0.638692859021056,0.660214256795334,0.687171219091674,0.648554720061533,0.566527291503772,0.725257563720571,0.740558872545182,0.709438086760864,0.74097231349779,0.735429870563937,0.651592769998045,0.738383099638321,0.766955702981386,0.712657433623503,0.738201211122611,0.750482218454659,0.727921772784613,0.752847590104427,0.756687881474123,0.740724406908732,0.739751775258423,0.689409627691433,0.705585629752773,0.683570586835289,0.690243518601705,0.704469182878419,0.738722534463433,0.712726166139174,0.710802950822994,0.75112433448153,0.703626513997169,0.699671667655477,0.760513637853285,0.707536976443401,0.747400037320137,0.759352534657667,0.743227101140377,0.74313065012412,0.761544200326993,0.776738302582584,0.70440783073456,0.766853083296358,0.763808814742481,0.7257892811117,0.780564855031597,0.739433624367479,0.70580562257557,0.655720748685094,0.713960657643583,0.60749855943297,0.6694680006805,0.638667691278447,0.662532211321459,0.768909171436639,0.681455843173601,0.707631318657454,0.783704789055786,0.684890155629443,0.760132704822286,0.732362713636393,0.579544928786434
31-2.1,0.630925757630705,0.928622265536285,0.639677180199961,0.483687556828116,0.987572685550263,0.66218004762459,0.421796899442971,1,0.500690591413642,0.333450165640391,0.910831696871342,0.250708238556721,0.46280784682045,0.517717671700036,0.726963692471367,0.465823175718026,0.777360508860243,0.681559660219794,0.474432037649351,0.795336481630822,0.639630206069662,0.813723943405883,0.745793743236708,0.369659929576003,0.619391060315143,0.631020435155818,0.658921518304589,0.742794944028334,0.645857845146849,0.643794308028345,0.752344233623937,0.666271764535844,0.60365555141629,0.75077378988751,0.647530832174575,0.620207021229701,0.753611007665563,0.578931439224583,0.725871833720114,0.649371411539109,0.681283520604258,0.704673611614223,0.711867990509777,0.719869477875826,0.684832291661747,0.746379404651033,0.71344777967592,0.740131844252702,0.74516095631636,0.744236999957915,0.657725013189718,0.585399578434991,0.595309289539293,0.482485321492156,0.593061077083646,0.563787788322854,0.562839287249896,0.610249369374022,0.513380244273544,0.56668798731739,0.580407200641939,0.534961271153292,0.579850147152293,0.486866223380924,0.669581172736745,0.641493234739161,0.686201702547902,0.672812033359362,0.724435713888169,0.723617568614407,0.680420336342291,0.722486016905811,0.718465508827443,0.719285787249357,0.703984222112849,0.738246558297819,0.698573709319337,0.760133094485555,0.774576478707082,0.769661517711871,0.778334123943201,0.750085858684653,0.78508929872949,0.751817534793497,0.774402898742473,0.798036316554403,0.72715665566702,0.782554509740611,0.712184133062561,0.66014587144738,0.740300195945994,0.727451093365418,0.782067890253134,0.724732886827379,0.783337673987574,0.751619958661374,0.699691943273821,0.725146237875963,0.74695659718517,0.680240276085071,0.704696256950748,0.687926255928665,0.621959903482896,0.633954234501411,0.748130561140435,0.550232002945177,0.726056397405048,0.57740291364621,0.605368424160148,0.740348276353985,0.621719446367704,0.724228982388839,0.672905699558144,0.713474813487055,0.709361831922875,0.637078955284,0.715994257996611
32-0.1,0.431107768065806,0.621372366421027,0.442570130703931,0.510812596333811,0.552367584787151,0.444757447598676,0.453368502290406,0.500690591413642,1,0.386572143354326,0.278065924739386,0.431040725276091,0.705613969201674,0.534462706556976,0.699799960651239,0.748706169303276,0.760586458745485,0.747480310350644,0.769633665964635,0.746984089929279,0.766313683492444,0.511271932884341,0.762935684602189,0.700808551441998,0.78406441715642,0.724992180136528,0.736871788250766,0.724132203867877,0.737249250484349,0.726269275490411,0.749275525601622,0.731204422696124,0.744170741021511,0.747512081180345,0.735583923197667,0.766194257512833,0.764829149438062,0.719763285348823,0.745399716983424,0.732621878517311,0.70657273469757,0.74588038661713,0.672665313326074,0.748598485425158,0.78075769197822,0.669713489699828,0.747403772364888,0.703894282562197,0.674277699452993,0.755499673941901,0.733391416952958,0.573557401643301,0.545130536841875,0.492129669580387,0.612199629379729,0.619828744099496,0.576866019617053,0.642829060080704,0.606481279220866,0.583676874555038,0.629746743257929,0.702788799911702,0.710435611078722,0.778559718210415,0.778395957829539,0.618506853423888,0.789527440120551,0.782279843266309,0.745545905266368,0.737255418080953,0.792124372955252,0.701236523156846,0.733303554921394,0.75136197454389,0.65322099217773,0.635649013295609,0.691369986826936,0.77742812981047,0.772696816645995,0.771117436713603,0.78801945300527,0.800367938288262,0.757755472778804,0.790977912755542,0.771454537232068,0.747554573935201,0.813155440162179,0.792131206068809,0.727718130072097,0.741132736625091,0.716328716848545,0.702620225267115,0.564894106186764,0.724768446869768,0.602044071146764,0.703339634147995,0.79559510388356,0.734770459389589,0.728082507512199,0.733425640502871,0.742407858177585,0.785546030727351,0.770544928583762,0.728252814470513,0.648798233412921,0.770482901241819,0.728948075891317,0.806841334540908,0.752727822489223,0.684151894681614,0.765116144190929,0.719868362822009,0.782263165078643,0.744739994101254,0.706881666418791,0.734157344810572,0.477423268265796
32-1.1,0.713390686624105,0.303053360722358,0.696350347874092,0.851613330913429,0.337101137510688,0.65062848825051,0.95974391904979,0.333450165640391,0.386572143354326,1,0.346898364483863,0.92699560752536,0.506668046463729,0.619664920634062,0.690452108339225,0.489923362331181,0.623934189232069,0.613053275403668,0.490223032956154,0.614247097070151,0.574640970095038,0.673976088521391,0.601726786107761,0.353051834265258,0.514420683738501,0.661555195515366,0.637069417659474,0.629447340793158,0.678255455702382,0.705193712390702,0.652421281254359,0.68286195550765,0.689869698236533,0.654968861396912,0.701206098571406,0.695115314107217,0.663737946962916,0.73797201669597,0.637697459734841,0.664115410784757,0.581060666292878,0.65968670278719,0.686169625877316,0.603576676992496,0.684111293090327,0.692833181929093,0.622673338248555,0.591022570654065,0.705550115751297,0.656737604645233,0.660695188533642,0.607224085258091,0.602006375567225,0.513788700248754,0.61210422194155,0.649568673072887,0.568085434725229,0.617540403570716,0.63222578439133,0.577563495150569,0.518313792243279,0.670271103336748,0.650177393540965,0.668013990369214,0.637614677541821,0.6444130048913,0.538525439733069,0.644611135542604,0.655324474409943,0.597668215055642,0.652309690581082,0.640530111614254,0.615236780904835,0.668435905437098,0.650161313107989,0.63838030021887,0.640395155517314,0.56476524464426,0.593979026469106,0.540741672635817,0.57872806040906,0.578244945753512,0.62154055426195,0.629048017379711,0.611707369527923,0.643179654972971,0.636940576367087,0.613844498147349,0.69586639083167,0.666266957583095,0.63612764959084,0.636328223166469,0.642426602230827,0.630389186422214,0.659618578511916,0.663789946436114,0.60200715412178,0.655815099406727,0.652647004767833,0.618354838363641,0.683428488518612,0.639847957601605,0.644898895129377,0.52046667750673,0.619252003049618,0.481302688848349,0.564393278857658,0.514117439755104,0.527967777881804,0.670614810441285,0.555728715775151,0.598909712569889,0.675084709193624,0.582791213617832,0.663828487234568,0.674985791588512,0.431293489133531
32-2.1,0.583586322153732,0.717292995594297,0.601571628180827,0.378715004769817,0.861488801637639,0.654762714226766,0.385280352655847,0.910831696871342,0.278065924739386,0.346898364483863,1,0.325811365340742,0.251938933319441,0.350027789541891,0.552219684941502,0.251360157793989,0.614855305097108,0.488405867806575,0.259614017578416,0.653358904763949,0.443058393919117,0.767461594060758,0.611180256375686,0.176620995051584,0.506927027279489,0.498474176923763,0.498947407289488,0.601725127780483,0.511481893771148,0.511122147793556,0.615865817309354,0.54117446654098,0.454462074805835,0.616395498996745,0.536984265606477,0.458610502624733,0.607221223383258,0.453568433777937,0.570881967339608,0.491788576657737,0.522444527104406,0.567067216486146,0.546888715348066,0.568562925386047,0.552622834298328,0.598725335565069,0.581062726628871,0.583737319603109,0.609627634640761,0.632243026497132,0.535985837867966,0.454207218110024,0.468073719758744,0.35283380076906,0.464290627398489,0.421984417011451,0.421300350906158,0.480502507571252,0.373113240822755,0.439461910929801,0.453341365128253,0.388211128202895,0.444072707494042,0.361874537263164,0.477655889835294,0.484713988953828,0.496932452617877,0.480540927678552,0.544584269923928,0.567230260256826,0.511207682064741,0.536137964221056,0.572772517936887,0.568920387841359,0.524519207166676,0.634263230298545,0.535094541613885,0.590173684927992,0.599799264610858,0.595145842369926,0.623791338148486,0.574877537145576,0.64296368726001,0.62977214917565,0.628940365398863,0.664992330052507,0.587280694823726,0.644902646109292,0.635614003768173,0.578300994392825,0.590272512011062,0.59075289501154,0.692596476793076,0.581983037082326,0.688786566188426,0.611186381092984,0.538663364438555,0.589797689114559,0.614000159128191,0.559096723306013,0.593845240624033,0.555083678190057,0.514444712841128,0.410438573535765,0.589667277461901,0.333547148536063,0.528289932680301,0.360131915741246,0.385594517412053,0.620855262753119,0.404392168176064,0.537277612539786,0.513269145810514,0.517560090860314,0.59025436479598,0.521396706854082,0.562826746229735
33-1.1,0.590079176906914,0.187126642410258,0.588576697887115,0.73136934872333,0.243656575379201,0.574928701308663,0.859813042802726,0.250708238556721,0.431040725276091,0.92699560752536,0.325811365340742,1,0.456051098066502,0.503833094175045,0.582547630325365,0.452372532242783,0.5497363709233,0.541870542543811,0.458678735518291,0.553492718987483,0.517332281324627,0.558293252842516,0.560512029334611,0.34917181070026,0.539969509305229,0.619760411873214,0.576213724475723,0.562891057601718,0.636230212651666,0.657229758941198,0.603736749710215,0.643723303840691,0.644464382267213,0.607233441390002,0.656218474829341,0.644780703325738,0.604446047564717,0.692671239307162,0.574352419719068,0.59642244690891,0.516939449469301,0.604465677666893,0.563189300853029,0.548383740530478,0.640160850213165,0.579520942566336,0.570872285271524,0.506083941868817,0.597672288310926,0.610646880011996,0.605586002969246,0.496199783194755,0.488242810009121,0.410350094988924,0.514716441840772,0.547937727451073,0.460081554935679,0.526720519616925,0.532064069862555,0.480030169497656,0.450714179492153,0.589811519181918,0.576808503259784,0.637904113457222,0.569652591722128,0.531661950489699,0.49849966553467,0.578048564292306,0.558667732896408,0.543527744887612,0.595976951476872,0.526070177277622,0.562436813646453,0.606756893688996,0.522560965273818,0.557856771513515,0.532314258783222,0.516684115630127,0.523228460509888,0.483736537558919,0.530174605047715,0.540175855907933,0.567952675697961,0.599856838267213,0.581931561670445,0.583152302087956,0.61607581148151,0.584550578298298,0.664121695844974,0.655017884416174,0.560771528278191,0.571553495246436,0.551932004280158,0.561079118604277,0.574826675050629,0.583343083330245,0.56278745907244,0.590451545987281,0.588847305436957,0.562361286330351,0.632816722911698,0.609384422626595,0.617014718257829,0.448931139853708,0.508078801807612,0.441147844153241,0.49200018629773,0.485225649588789,0.46047205134674,0.596162855826492,0.500481073329082,0.510027547686972,0.628038024250925,0.518861719252941,0.58758371270288,0.631167827905771,0.301431002340383
29-0.2,0.31431587103476,0.634521012494718,0.289964649137376,0.81370178195725,0.53998999514572,0.253293399533764,0.666694136663146,0.46280784682045,0.705613969201674,0.506668046463729,0.251938933319441,0.456051098066502,1,0.890989141597574,0.810091670577359,0.994548797395226,0.821815468783147,0.889263337867091,0.98915136828155,0.75284298084569,0.897803161336128,0.51805695750082,0.753700370173587,0.862463551528421,0.670414970084066,0.854950823531038,0.845671437424676,0.834452515630587,0.835078706163856,0.876287763623579,0.823359595702768,0.815388565656202,0.872409322150457,0.801638887424894,0.810851862518297,0.858217368710025,0.792833831834374,0.771800309624807,0.855490746083637,0.88268774369805,0.835655641073417,0.857154596607775,0.777412965871841,0.856095556994439,0.843939461548494,0.802766256042438,0.828447155975287,0.714044147151803,0.771421419656362,0.788686741077036,0.741470484637094,0.604780554959622,0.644762894797609,0.579880891230815,0.605445892682893,0.704411291865254,0.65485717316071,0.600441886224722,0.662864558380651,0.648366772437193,0.582156168260827,0.693900935008298,0.742285118851001,0.646231596369254,0.866491317877913,0.787841416389509,0.882055445133175,0.852199796861239,0.851295712440902,0.868998956752803,0.820601845044732,0.817934008058479,0.857062118640354,0.761354341040565,0.788905778717088,0.758272063878167,0.781858120481797,0.846837848852181,0.807798705065547,0.861338600177033,0.806584123417048,0.878386220955843,0.831774366124937,0.74610709303945,0.817459783027804,0.786842295173188,0.734989818398871,0.76820325939238,0.66279944766702,0.636940273843924,0.842772269903764,0.842293958201109,0.751365174651905,0.823527498811127,0.7705973254545,0.816792203195479,0.814969146950376,0.834024871845226,0.807959724875606,0.740844605313266,0.794522038252372,0.772623952386933,0.677067425284529,0.895221409330041,0.748929152536396,0.876966881148387,0.817255290317515,0.885245158423238,0.886607391233017,0.758761759442207,0.88721640380142,0.8011470268157,0.846365131587776,0.805589300371756,0.72912841572425,0.666444704204398,0.654871736651094
29-1.2,0.428010207850533,0.636878474805221,0.396068538819146,0.918289261464458,0.57263177534363,0.339288860421552,0.782076151103809,0.517717671700036,0.534462706556976,0.619664920634062,0.350027789541891,0.503833094175045,0.890989141597574,1,0.865323568886536,0.874637749051764,0.811338056046979,0.892212209456279,0.853909823693397,0.741347010059892,0.890503875919806,0.647589040831083,0.720457467430322,0.776486439649434,0.603471299389785,0.861649787914928,0.849127743961607,0.823079027476101,0.849228665093096,0.889210681865803,0.816857985481879,0.844278874153814,0.881020965354614,0.808386287649537,0.803159704376679,0.871935502827274,0.809582497561593,0.82583042455159,0.851928264527565,0.901232745719726,0.849176428322527,0.861119661920274,0.815949595410116,0.848519156921952,0.830054054039433,0.827783649205675,0.83530075846636,0.765949632019967,0.797368461468879,0.779179717382604,0.73661667454292,0.645498114227679,0.702292416234569,0.59038569791876,0.63763553803717,0.718062194091621,0.67914616749049,0.637377573740487,0.687174260958512,0.680817290290427,0.589125431169746,0.707459532117056,0.764642363182819,0.653899196089578,0.820779013621393,0.794667637857077,0.793046212160016,0.823942685125314,0.838045898571061,0.820368796654458,0.786779632363053,0.828355556998375,0.822888994350845,0.770783150581864,0.830112585207499,0.770683280395096,0.804447788124174,0.812173646508139,0.789499197347893,0.830862855836406,0.780750316750198,0.821118719991762,0.822036617973981,0.73191721745047,0.77768459010508,0.810945434901382,0.690044782368874,0.739783394647473,0.694579478939973,0.623807753616948,0.806037175839566,0.818280798054864,0.753509461938942,0.788680426688604,0.769908612594003,0.807517739551588,0.754145596402571,0.810246402351809,0.790357722196266,0.734430006255598,0.772705016580346,0.743734058561666,0.646123453955482,0.847280444627437,0.735946716528347,0.779781018012635,0.775873547636611,0.787409149030273,0.842176024651553,0.753998311419389,0.836966856698065,0.788662823506862,0.835449715739405,0.772759827943585,0.726217823380054,0.647311972178372,0.741901545254517
29-2.2,0.730734835017877,0.798297331331163,0.706471007594591,0.863045421983307,0.768834579405492,0.661447447719794,0.792900533572914,0.726963692471367,0.699799960651239,0.690452108339225,0.552219684941502,0.582547630325365,0.810091670577359,0.865323568886536,1,0.804984261598937,0.951103310220609,0.962242517802563,0.800245030486707,0.921092926860021,0.935548987622516,0.86842889872646,0.889634971651159,0.709250536956429,0.784291224939889,0.920506847167579,0.932418966826757,0.936718777092973,0.935341676635198,0.934922075268888,0.93929621281143,0.938816333929597,0.92139926758638,0.939855200825239,0.901681165300124,0.939352038783129,0.93023191090046,0.907035657871547,0.941117734417709,0.941506658998485,0.906103009448902,0.941407740091204,0.93370808291064,0.92856272648597,0.93245670418007,0.947079304139358,0.92433934945756,0.907671350039148,0.942729753597942,0.912962580433612,0.867804594868214,0.784322902690531,0.794739486740085,0.677753774046847,0.790781642408654,0.817250887369966,0.768337889894663,0.804721229493061,0.780115117605495,0.766426008627255,0.734769146377427,0.822310206211381,0.830517390127326,0.793339143798778,0.90691900966986,0.863338483076109,0.860008690763023,0.916683528450048,0.926675166649225,0.893947531460848,0.912439681999455,0.917928754613694,0.898769267881907,0.908628293543795,0.911139204360915,0.880661757012691,0.90339547887954,0.915975677088864,0.907232589352846,0.902797484484151,0.908633701907771,0.917386602614211,0.922813389056081,0.901548271527388,0.917832360597136,0.927686485235868,0.880210659144069,0.909473285196296,0.862677840703842,0.838612558165161,0.934651617550281,0.916073521233366,0.889218138834692,0.922760535075768,0.90746936868766,0.933927074221961,0.908058926035279,0.92698733086616,0.920994018895075,0.865645783278174,0.908513415385709,0.892729945223652,0.822193573744286,0.889086667633496,0.901333395301296,0.822938857642835,0.90790184342747,0.847024325446664,0.880616035723407,0.913506206829839,0.893858680155173,0.925041902568358,0.93001156983337,0.911769786059665,0.894996719454811,0.834626946330963,0.729700707956946
30-0.2,0.301817445594113,0.635913235715251,0.28384004293016,0.789057655035455,0.541279188215524,0.24969709739429,0.644047122205434,0.465823175718026,0.748706169303276,0.489923362331181,0.251360157793989,0.452372532242783,0.994548797395226,0.874637749051764,0.804984261598937,1,0.827796747118619,0.886745406091095,0.994442168980819,0.762149707895132,0.901208121730221,0.508314800697075,0.770182177753515,0.873040398543905,0.694305255580224,0.862309388911985,0.852996799303298,0.838788292183959,0.84382874481428,0.878540054968685,0.829428724729921,0.822268154892045,0.878240182252282,0.809005581529909,0.814899839099913,0.863323431430011,0.798488214655575,0.776680139521161,0.859043746513773,0.88529096998181,0.838853278711149,0.861783334327401,0.774454058164863,0.860162035625898,0.851305786363216,0.795238956007346,0.834635013036993,0.720803058509466,0.765482672408594,0.797864953407334,0.748172897835845,0.612252478474929,0.645602771915149,0.584324473631371,0.614705611049954,0.708970911099708,0.658837782130157,0.612112937665687,0.67076487062068,0.653436605445288,0.596263578604287,0.706949275049643,0.749317528103064,0.666749915513018,0.869088776134804,0.781005387426335,0.889610016470142,0.857714181550787,0.848160196220524,0.869092363182566,0.827951872075816,0.810937581990175,0.857496978879756,0.763949964737066,0.777613285309665,0.749103697368517,0.774636237093847,0.853056290683611,0.816746239991415,0.862522351270724,0.815755299600935,0.883641686922023,0.833625286308122,0.755906728209697,0.823432279342484,0.789821957235806,0.745531066507306,0.778126877046733,0.669106890270689,0.645859656122447,0.84096032196923,0.838253898141502,0.734538578263296,0.821881566058019,0.756583300026908,0.812431926429781,0.821404000463631,0.83581941287163,0.807200413102976,0.740487164411518,0.798031445565838,0.779141844688404,0.685457210325631,0.894213511480653,0.741900293952349,0.896578656837641,0.817738401362549,0.902286865652173,0.892353335672338,0.75485045083806,0.889274792880606,0.802160834098353,0.851264949602808,0.804427704974373,0.730950379181739,0.66955241901006,0.648703280554711
30-1.2,0.696526190973278,0.823578008965174,0.696986476423946,0.79788470780454,0.808827482272778,0.68125970551005,0.726684935634213,0.777360508860243,0.760586458745485,0.623934189232069,0.614855305097108,0.5497363709233,0.821815468783147,0.811338056046979,0.951103310220609,0.827796747118619,1,0.949924808194405,0.833098500110643,0.983223898357636,0.933471798521163,0.857972140473557,0.968646377514931,0.74335886579335,0.880543429362301,0.930516844417192,0.958009130306589,0.961361410088327,0.939440087032691,0.944577389403392,0.967570318715354,0.949322139693288,0.930933900028639,0.964977339763596,0.926804959988421,0.933431518360357,0.955388674739265,0.895379602175246,0.950072065093084,0.940939508836597,0.914141682691002,0.949907029709198,0.928497369927475,0.94671032937491,0.944218453364056,0.942176246251718,0.94018386405162,0.918607308255034,0.936036026317092,0.944205151398932,0.870193123288333,0.801486209696613,0.803651858860818,0.703365990690473,0.812851421318389,0.836574444959778,0.791374591982056,0.831974990262289,0.797936396817574,0.796106014673603,0.796662439572145,0.843296765643156,0.864336480059191,0.815028962554292,0.920726128556535,0.871423885506926,0.913136916503361,0.926133314029763,0.938277477586403,0.92967131188998,0.938139510485908,0.915019507782404,0.932968657373416,0.91770815528619,0.897375300541398,0.906636724533849,0.905680731490108,0.941546682255418,0.924926421944116,0.924717101371097,0.943785722114901,0.948591410014165,0.945460885839977,0.935781079838184,0.94480567595437,0.943907773792335,0.923093352108958,0.941312212808334,0.885450570703169,0.876606696593822,0.944980257170658,0.923759224734364,0.89319230956812,0.934671845826163,0.910036571675737,0.944279675214869,0.939777793213944,0.943362107058372,0.94300469733093,0.889814805085377,0.929808659023115,0.928234324078214,0.85724804434251,0.87985956830789,0.887334912391907,0.844593389515423,0.910677489185953,0.879795649630608,0.872172056349086,0.938493052564832,0.897650922340814,0.916971845400872,0.936419913072914,0.915648236582156,0.923238144361101,0.875080838771266,0.745526563875867
30-2.2,0.5934117440749,0.770343612306002,0.575726492982356,0.849997471856035,0.729514346688761,0.540179521506167,0.746757240892837,0.681559660219794,0.747480310350644,0.613053275403668,0.488405867806575,0.541870542543811,0.889263337867091,0.892212209456279,0.962242517802563,0.886745406091095,0.949924808194405,1,0.883202646172793,0.911953001622729,0.99121428435805,0.773311068684555,0.891830576145256,0.852459625053532,0.815873022118141,0.95966448574355,0.955920974184361,0.936877895264695,0.959912844823863,0.956629325424895,0.952987463606971,0.954027188063916,0.950171781048974,0.945422669672967,0.896059805675653,0.959033190886245,0.928071765107578,0.913892036910356,0.948522946656461,0.943488467404264,0.898109915221658,0.947801449017062,0.899265556953685,0.931283304798785,0.942119964974831,0.916983596243677,0.918722751984126,0.880972465018872,0.91283189924275,0.91094671872773,0.874472347000966,0.745500693834502,0.753386704652305,0.662841737020001,0.753380580027201,0.806622305347958,0.759271612110427,0.76854132969245,0.769076731661808,0.758225433286016,0.734785206811927,0.816504299775025,0.850875590651418,0.801222803061648,0.93083983217473,0.860445998928333,0.910080360776319,0.934598403543785,0.930777611586211,0.923608011044459,0.917932009509039,0.909178320174376,0.92561274415028,0.884552485665646,0.891073980403915,0.873860195084202,0.887577101873915,0.953654655533253,0.916240513665096,0.937914554546127,0.938776191850088,0.956472721275213,0.940480868278289,0.912741413838454,0.938727128842778,0.926437526507772,0.894288443104062,0.925571404609634,0.837554387786236,0.835693326334243,0.952246423265443,0.932476022776212,0.875576042542125,0.941817604084893,0.888139730049084,0.94418946071925,0.93907506094898,0.937778786070505,0.933976528462211,0.863218326691058,0.916201053950471,0.914296985578545,0.828083966593552,0.946285633351877,0.891414422142891,0.900406439724588,0.937161454948788,0.926298396723468,0.938978022751238,0.905373596428588,0.9497300277289,0.941188784107554,0.948062966072348,0.941691524663947,0.883146867455183,0.812090729483593,0.708933306500368
